1 0.23529411764705885 0.8951406649616369 0.2046035805626599 0.19948849104859334
2 0.31457800511508954 0.5115089514066498 0.17391304347826092 0.22506393861892582
2 0.13554987212276218 0.6930946291560103 0.1790281329923274 0.32225063938618936
1 0.5268542199488492 0.6035805626598467 0.08695652173913039 0.1381074168797955
1 0.4462915601023019 0.5217391304347827 0.06393861892583125 0.09718670076726334
1 0.4654731457800512 0.4705882352941177 0.08184143222506393 0.07672634271099746
1 0.7404092071611253 0.5524296675191817 0.0843989769820972 0.11764705882352942
2 0.741687979539642 0.40153452685422003 0.08695652173913032 0.12276214833759597
1 0.5703324808184145 0.45268542199488493 0.04603580562659843 0.07161125319693092
2 0.5294117647058825 0.3721227621483376 0.05626598465473144 0.09462915601023013
0 0.4616368286445014 0.38235294117647056 0.05882352941176471 0.0946291560102302
1 0.5805626598465474 0.3644501278772379 0.051150895140664975 0.05370843989769824
1 0.6572890025575449 0.37595907928388755 0.03580562659846542 0.030690537084399026
1 0.4143222506393862 0.9718670076726343 0.13299232736572889 0.04603580562659843
