1 0.43989769820971875 0.8670076726342711 0.16368286445012792 0.21483375959079282
2 0.33631713554987214 0.5575447570332481 0.14578005115089518 0.2506393861892584
1 0.4462915601023019 0.4386189258312021 0.07928388746803072 0.0946291560102302
1 0.5063938618925832 0.35038363171355497 0.03580562659846549 0.0511508951406649
1 0.5601023017902814 0.3516624040920717 0.05626598465473151 0.06393861892583122
2 0.8606138107416882 0.48976982097186705 0.19693094629156022 0.2838874680306906
2 0.9373401534526855 0.42583120204603586 0.11508951406649615 0.19693094629156016
1 0.6892583120204605 0.3746803069053709 0.05370843989769824 0.05882352941176471
2 0.7135549872122763 0.29923273657289007 0.08695652173913061 0.11253196930946291
1 0.6547314578005117 0.3324808184143223 0.04092071611253189 0.040920716112532035
1 0.5626598465473147 0.2877237851662404 0.030690537084398953 0.04347826086956523
