2 0.3989769820971867 0.3670076726342711 0.07161125319693092 0.13554987212276212
1 0.4808184143222507 0.43350383631713557 0.06649616368286444 0.0741687979539642
1 0.7237851662404094 0.5626598465473147 0.11764705882352942 0.1278772378516625
1 0.6726342710997443 0.4168797953964195 0.08695652173913054 0.10230179028132995
2 0.7672634271099744 0.3478260869565218 0.08184143222506393 0.12787723785166238
2 0.7263427109974426 0.30690537084398983 0.08184143222506393 0.11764705882352945
1 0.6457800511508952 0.29923273657289007 0.0485933503836317 0.051150895140664975
1 0.4514066496163684 0.3171355498721228 0.0485933503836317 0.07672634271099746
1 0.4948849104859336 0.26854219948849106 0.038363171355498694 0.04603580562659847
1 0.5460358056265986 0.26854219948849106 0.03324808184143222 0.040920716112532
