1 0.3056265984654732 0.6764705882352942 0.12020460358056269 0.1508951406649615
1 0.7340153452685424 0.8682864450127878 0.18925831202046034 0.2020460358056266
1 0.6304347826086958 0.6035805626598466 0.13554987212276218 0.1687979539641944
1 0.5728900255754477 0.48081841432225075 0.07161125319693099 0.08695652173913039
1 0.6713554987212277 0.462915601023018 0.09462915601023028 0.09207161125319693
2 0.7672634271099745 0.4232736572890026 0.08695652173913032 0.13043478260869562
2 0.8925831202046035 0.5217391304347827 0.21483375959079282 0.3631713554987213
2 0.8171355498721229 0.6470588235294119 0.2531969309462916 0.30690537084398983
1 0.5498721227621485 0.4092071611253198 0.06649616368286437 0.07161125319693092
1 0.6112531969309464 0.38874680306905374 0.06649616368286444 0.06649616368286444
1 0.6943734015345271 0.3849104859335039 0.05882352941176478 0.06393861892583118
2 0.24168797953964197 0.40153452685422003 0.0843989769820972 0.0971867007672634
