2 0.8158567774936063 0.7570332480818415 0.19948849104859334 0.28132992327365736
1 0.5588235294117648 0.581841432225064 0.10997442455242969 0.12020460358056262
2 0.6419437340153453 0.5242966751918159 0.10741687979539641 0.16368286445012792
2 0.7340153452685424 0.5166240409207162 0.10741687979539648 0.12787723785166244
2 0.6764705882352942 0.42455242966751927 0.09462915601023035 0.09718670076726355
1 0.5767263427109975 0.432225063938619 0.05882352941176471 0.07672634271099739
1 0.6202046035805627 0.4066496163682865 0.04347826086956523 0.06138107416879805
1 0.5051150895140666 0.45268542199488493 0.05882352941176471 0.07672634271099746
1 0.3606138107416881 0.4462915601023018 0.05626598465473151 0.0843989769820972
1 0.27237851662404094 0.45012787723785175 0.05882352941176468 0.08695652173913046
1 0.19820971867007675 0.47058823529411775 0.0741687979539642 0.06649616368286444
2 0.5230179028132993 0.34398976982097196 0.04859335038363177 0.0741687979539642
1 0.5626598465473147 0.35294117647058826 0.04092071611253189 0.05626598465473144
