1 0.659846547314578 0.8925831202046038 0.15345268542199497 0.2097186700767263
2 0.7161125319693096 0.6342710997442457 0.173913043478261 0.2710997442455244
1 0.8273657289002558 0.6547314578005117 0.10485933503836321 0.1381074168797955
1 0.5179028132992327 0.5038363171355499 0.05370843989769817 0.08184143222506385
1 0.5856777493606139 0.46803069053708446 0.051150895140664975 0.08184143222506393
1 0.6521739130434783 0.46675191815856787 0.0460358056265985 0.0843989769820972
1 0.493606138107417 0.4386189258312021 0.04603580562659857 0.06393861892583118
0 0.47953964194373405 0.37851662404092073 0.06905370843989772 0.10230179028132995
1 0.5421994884910487 0.39641943734015356 0.040920716112531966 0.06138107416879798
1 0.3056265984654732 0.6265984654731459 0.1253196930946292 0.12787723785166236
2 0.08184143222506395 0.7787723785166242 0.1636828644501279 0.42199488491048603
0 0.12787723785166244 0.48081841432225075 0.11253196930946295 0.17391304347826086
2 0.2928388746803069 0.39769820971867015 0.0895140664961637 0.11508951406649615
1 0.3836317135549872 0.40537084398976986 0.040920716112531966 0.0741687979539642
2 0.6202046035805627 0.4232736572890026 0.04347826086956523 0.09974424552429674
