1 0.6611253196930947 0.9181585677749362 0.1764705882352942 0.15345268542199478
1 0.595907928388747 0.7902813299232738 0.13810741687979544 0.20460358056266004
1 0.5639386189258313 0.6521739130434784 0.12020460358056262 0.10230179028132995
1 0.7007672634271102 0.6265984654731459 0.11253196930946302 0.13299232736572889
1 0.8606138107416882 0.6010230179028134 0.11508951406649615 0.10230179028133009
2 0.8823529411764707 0.8171355498721229 0.2301790281329923 0.360613810741688
1 0.7877237851662404 0.5741687979539642 0.07161125319693099 0.10997442455242969
1 0.7583120204603583 0.5191815856777494 0.06393861892583132 0.06138107416879791
2 0.6585677749360616 0.48593350383631717 0.13043478260869576 0.20971867007672634
0 0.5869565217391305 0.4322250639386189 0.10997442455242969 0.16368286445012792
1 0.5485933503836318 0.5524296675191817 0.10997442455242962 0.11253196930946295
1 0.5102301790281331 0.462915601023018 0.0741687979539642 0.06138107416879798
1 0.3721227621483376 0.4104859335038364 0.043478260869565306 0.05882352941176471
1 0.28900255754475707 0.4040920716112532 0.06138107416879794 0.0511508951406649
1 0.3375959079283888 0.34654731457800525 0.030690537084399026 0.04347826086956523
1 0.3772378516624042 0.34910485933503843 0.028132992327365755 0.03324808184143222
1 0.49616368286445023 0.4296675191815858 0.06138107416879798 0.0460358056265985
