1 0.4526854219948851 0.7787723785166242 0.12787723785166244 0.21227621483375955
1 0.3938618925831202 0.9514066496163684 0.13299232736572889 0.08695652173913046
1 0.7774936061381075 0.4271099744245525 0.08184143222506393 0.081841432225064
2 0.6879795396419439 0.3989769820971867 0.092071611253197 0.14322250639386191
1 0.7519181585677751 0.34143222506393867 0.05115089514066511 0.08439897698209724
2 0.35294117647058826 0.5549872122762148 0.14322250639386191 0.20971867007672634
2 0.1585677749360614 0.7378516624040921 0.3069053708439898 0.5191815856777494
1 0.49232736572890035 0.6240409207161126 0.08951406649616367 0.12787723785166236
1 0.5242966751918159 0.5127877237851663 0.08695652173913046 0.13554987212276223
2 0.32736572890025584 0.42071611253196933 0.10230179028132998 0.10997442455242969
2 0.3772378516624042 0.38235294117647056 0.06905370843989765 0.10485933503836314
2 0.42455242966751927 0.3478260869565218 0.051150895140664975 0.08695652173913046
1 0.5281329923273659 0.41815856777493615 0.06393861892583125 0.0485933503836317
1 0.4283887468030691 0.4347826086956523 0.06393861892583118 0.06649616368286444
