1 0.7404092071611253 0.921994884910486 0.18670076726342713 0.15601023017902804
1 0.5792838874680308 0.6265984654731459 0.10485933503836321 0.15345268542199506
1 0.5217391304347827 0.47698209718670087 0.081841432225064 0.10485933503836321
1 0.35549872122762155 0.442455242966752 0.06649616368286453 0.07161125319693099
2 0.190537084398977 0.4283887468030691 0.0843989769820972 0.13554987212276218
2 0.0473145780051151 0.8631713554987214 0.0895140664961637 0.2480818414322252
0 0.3094629156010231 0.370843989769821 0.07672634271099742 0.0971867007672634
1 0.5626598465473147 0.39130434782608703 0.051150895140665044 0.081841432225064
1 0.47314578005115093 0.35549872122762155 0.04603580562659843 0.051150895140664975
2 0.5473145780051152 0.3260869565217392 0.040920716112531966 0.08439897698209724
