1 0.2557544757033249 0.7352941176470589 0.12787723785166244 0.20716112531969302
1 0.06010230179028134 0.7941176470588235 0.12020460358056267 0.2531969309462916
1 0.6918158567774937 0.8491048593350385 0.18670076726342708 0.2301790281329923
1 0.7877237851662406 0.6189258312020463 0.11764705882352942 0.16879795396419447
1 0.595907928388747 0.43094629156010245 0.08184143222506393 0.0843989769820972
1 0.6892583120204605 0.41176470588235303 0.09462915601023028 0.09207161125319693
2 0.2877237851662404 0.37340153452685426 0.06393861892583125 0.10741687979539645
2 0.3823529411764707 0.3350383631713555 0.058823529411764636 0.10230179028132991
1 0.45268542199488493 0.33631713554987214 0.06138107416879798 0.05882352941176471
2 0.4232736572890026 0.2685421994884911 0.05370843989769824 0.051150895140664975
0 0.6074168797953965 0.28388746803069054 0.07928388746803072 0.10230179028132991
1 0.5652173913043479 0.32352941176470595 0.06138107416879791 0.06905370843989772
