1 0.34271099744245526 0.9104859335038364 0.1739130434782609 0.1790281329923272
1 0.40537084398976986 0.7838874680306906 0.1406649616368287 0.16624040920716127
1 0.45780051150895146 0.6790281329923274 0.10741687979539641 0.18158567774936066
1 0.7212276214833762 0.7634271099744246 0.13299232736572905 0.16624040920716113
1 0.8772378516624042 0.9258312020460359 0.08695652173913032 0.13810741687979544
2 0.80306905370844 0.5524296675191817 0.15345268542199492 0.23017902813299224
2 0.8414322250639387 0.4654731457800512 0.08695652173913046 0.11764705882352942
1 0.6828644501278773 0.47698209718670076 0.06649616368286444 0.0843989769820972
1 0.6662404092071611 0.4168797953964195 0.0485933503836317 0.07672634271099739
1 0.6534526854219951 0.35294117647058826 0.038363171355498764 0.03580562659846549
1 0.4961636828644502 0.5242966751918159 0.08184143222506393 0.08695652173913046
1 0.4808184143222507 0.5562659846547315 0.092071611253197 0.0843989769820972
1 0.4565217391304348 0.6317135549872124 0.1253196930946291 0.13299232736572897
2 0.12404092071611256 0.741687979539642 0.2378516624040921 0.4040920716112532
2 0.30051150895140666 0.5792838874680308 0.14066496163682868 0.21227621483375964
2 0.2071611253196931 0.4910485933503837 0.1381074168797954 0.1483375959079284
2 0.08056265984654733 0.5575447570332482 0.15089514066496165 0.1892583120204604
2 0.3324808184143223 0.42455242966751927 0.11253196930946299 0.09718670076726355
1 0.4028132992327366 0.46675191815856787 0.05882352941176471 0.07928388746803065
1 0.4271099744245525 0.432225063938619 0.06138107416879798 0.051150895140664975
2 0.3823529411764707 0.35549872122762155 0.09974424552429667 0.10741687979539648
