1 0.6086956521739131 0.8925831202046038 0.15345268542199497 0.20460358056265973
1 0.5511508951406651 0.6176470588235294 0.09974424552429674 0.14066496163682857
1 0.5115089514066498 0.5089514066496165 0.06649616368286437 0.10230179028132995
1 0.7161125319693096 0.5242966751918159 0.08695652173913032 0.11764705882352942
2 0.622762148337596 0.4910485933503837 0.12020460358056269 0.1892583120204604
1 0.3618925831202046 0.41560102301790286 0.0485933503836317 0.06393861892583118
1 0.39130434782608703 0.34654731457800514 0.03580562659846549 0.038363171355498764
1 0.4884910485933504 0.432225063938619 0.05626598465473158 0.07161125319693099
2 0.5294117647058825 0.360613810741688 0.0460358056265985 0.10230179028132991
0 0.6381074168797956 0.370843989769821 0.06905370843989786 0.06649616368286444
