1 0.5677749360613811 0.6048593350383632 0.12276214833759588 0.17135549872122766
1 0.28132992327365736 0.6624040920716113 0.11253196930946291 0.13299232736572897
2 0.06905370843989772 0.5281329923273659 0.13299232736572894 0.21739130434782616
1 0.20076726342711 0.5460358056265986 0.10485933503836317 0.14066496163682862
2 0.22378516624040926 0.3900255754475704 0.0946291560102302 0.09974424552429667
0 0.33120204603580566 0.3375959079283888 0.05370843989769824 0.07672634271099742
1 0.3746803069053709 0.37851662404092073 0.04347826086956516 0.03580562659846549
2 0.618925831202046 0.45268542199488493 0.0971867007672634 0.13299232736572889
1 0.4795396419437341 0.3721227621483376 0.03324808184143215 0.043478260869565306
2 0.561381074168798 0.3350383631713555 0.04859335038363177 0.08184143222506389
