1 0.25447570332480823 0.9130434782608696 0.13554987212276218 0.16368286445012786
1 0.3427109974424553 0.8158567774936063 0.12787723785166244 0.1892583120204604
1 0.3823529411764707 0.6956521739130436 0.0843989769820972 0.13299232736572897
1 0.42838874680306915 0.595907928388747 0.0741687979539642 0.13299232736572889
1 0.7365728900255756 0.5933503836317137 0.06138107416879791 0.08695652173913054
1 0.6189258312020461 0.48209718670076734 0.040920716112532035 0.05370843989769824
2 0.9015345268542201 0.9258312020460359 0.0537084398976981 0.13810741687979544
2 0.23017902813299237 0.6304347826086957 0.21483375959079287 0.30946291560102296
2 0.09974424552429668 0.5933503836317137 0.14322250639386191 0.18925831202046034
2 0.34654731457800514 0.5038363171355499 0.10997442455242971 0.12276214833759588
