1 0.3324808184143223 0.42455242966751927 0.07161125319693099 0.08695652173913046
2 0.029411764705882356 0.5984654731457801 0.05370843989769822 0.18925831202046034
1 0.6317135549872124 0.9398976982097187 0.1687979539641944 0.12020460358056255
1 0.6035805626598466 0.8299232736572891 0.15345268542199492 0.1508951406649618
1 0.5754475703324808 0.7007672634271099 0.1278772378516625 0.1023017902813298
1 0.5447570332480819 0.6176470588235294 0.10741687979539641 0.14578005115089518
2 0.9245524296675193 0.843989769820972 0.1508951406649615 0.3017902813299233
2 0.8465473145780052 0.7084398976982098 0.27109974424552435 0.3375959079283888
2 0.6751918158567776 0.5421994884910487 0.12276214833759597 0.19948849104859334
2 0.8005115089514067 0.5127877237851663 0.1381074168797953 0.16112531969309465
2 0.9603580562659846 0.6112531969309464 0.07928388746803065 0.184143222506394
1 0.3260869565217392 0.5063938618925832 0.08951406649616367 0.07672634271099739
1 0.5319693094629158 0.520460358056266 0.11253196930946295 0.07928388746803072
2 0.6112531969309464 0.5115089514066498 0.06649616368286444 0.13299232736572897
2 0.6790281329923274 0.442455242966752 0.10485933503836314 0.12276214833759597
2 0.6368286445012789 0.37340153452685426 0.092071611253197 0.11764705882352945
1 0.592071611253197 0.4488491048593351 0.0485933503836317 0.07416879795396426
1 0.5690537084398977 0.42966751918158574 0.04859335038363177 0.06138107416879791
1 0.5166240409207162 0.48081841432225075 0.07672634271099746 0.0460358056265985
1 0.5076726342710998 0.4552429667519182 0.05370843989769824 0.0460358056265985
2 0.5575447570332481 0.3785166240409208 0.07161125319693092 0.07672634271099746
1 0.4808184143222507 0.3836317135549872 0.051150895140664975 0.0460358056265985
1 0.29283887468030695 0.3427109974424553 0.04859335038363177 0.04603580562659847
1 0.39130434782608703 0.35549872122762155 0.03580562659846549 0.030690537084398953
