1 0.592071611253197 0.7787723785166242 0.16624040920716113 0.20716112531969316
2 0.8363171355498722 0.7020460358056266 0.31202046035805625 0.5191815856777494
1 0.6291560102301791 0.493606138107417 0.10741687979539641 0.12276214833759597
1 0.5089514066496165 0.5255754475703326 0.08695652173913046 0.1304347826086957
1 0.4948849104859336 0.4066496163682865 0.06393861892583118 0.08184143222506393
2 0.5690537084398978 0.3861892583120205 0.08951406649616374 0.12276214833759588
1 0.6982097186700768 0.4181585677749361 0.08695652173913046 0.10485933503836314
1 0.47698209718670087 0.3350383631713555 0.05882352941176471 0.06138107416879798
1 0.3452685421994886 0.3158567774936062 0.0460358056265985 0.04859335038363174
1 0.6790281329923274 0.3350383631713555 0.04347826086956516 0.06138107416879798
1 0.6508951406649618 0.3056265984654732 0.043478260869565376 0.05882352941176468
1 0.6074168797953965 0.30306905370843995 0.06905370843989772 0.07416879795396422
1 0.4552429667519183 0.28132992327365736 0.03580562659846549 0.04603580562659843
