1 0.3222506393861893 0.6278772378516625 0.132992327365729 0.14578005115089504
1 0.4974424552429669 0.4884910485933504 0.08951406649616374 0.09207161125319693
1 0.09335038363171357 0.9475703324808186 0.08439897698209721 0.09462915601023013
1 0.8516624040920717 0.9130434782608696 0.20460358056265973 0.16368286445012786
0 0.8171355498721229 0.5473145780051152 0.16112531969309457 0.23017902813299237
2 0.9552429667519182 0.5984654731457801 0.0895140664961636 0.22506393861892582
1 0.5345268542199489 0.3938618925831203 0.05626598465473151 0.0460358056265985
1 0.6470588235294119 0.40153452685422 0.05115089514066511 0.051150895140665044
1 0.6854219948849106 0.39769820971867015 0.051150895140664975 0.0485933503836317
1 0.5051150895140666 0.34526854219948855 0.038363171355498694 0.05115089514066493
