1 0.5703324808184145 0.6560102301790282 0.12276214833759597 0.17135549872122766
1 0.6227621483375959 0.5306905370843991 0.0741687979539642 0.10997442455242969
2 0.6265984654731459 0.3721227621483376 0.0971867007672634 0.11508951406649619
1 0.5191815856777494 0.40153452685422003 0.05626598465473151 0.07161125319693099
1 0.4539641943734016 0.31457800511508954 0.04859335038363177 0.05626598465473151
1 0.3120204603580563 0.4846547314578005 0.06138107416879798 0.06905370843989765
1 0.3350383631713555 0.3900255754475704 0.0460358056265985 0.05882352941176471
2 0.11764705882352942 0.4808184143222507 0.10230179028132995 0.12787723785166236
1 0.3682864450127878 0.3248081841432226 0.040920716112532035 0.05626598465473151
2 0.520460358056266 0.3260869565217392 0.06393861892583125 0.07928388746803072
2 0.5179028132992329 0.26726342710997447 0.04859335038363177 0.05370843989769824
2 0.34526854219948855 0.27237851662404094 0.03580562659846549 0.053708439897698204
