1 0.28132992327365736 0.714833759590793 0.12276214833759597 0.15601023017902813
1 0.056265984654731455 0.595907928388747 0.10230179028132992 0.13299232736572889
1 0.5933503836317137 0.6879795396419439 0.11253196930946302 0.16368286445012792
1 0.8695652173913043 0.891304347826087 0.235294117647059 0.2122762148337597
2 0.8529411764705884 0.6278772378516625 0.258312020460358 0.2276214833759591
2 0.6662404092071612 0.534526854219949 0.12020460358056262 0.18414322250639395
1 0.5204603580562661 0.4910485933503837 0.06905370843989772 0.08695652173913046
1 0.49616368286445023 0.4335038363171356 0.051150895140665044 0.06905370843989772
2 0.6074168797953966 0.44117647058823534 0.08951406649616374 0.13554987212276218
1 0.7263427109974426 0.44373401534526863 0.06138107416879805 0.0843989769820972
2 0.6572890025575449 0.3925831202046037 0.07672634271099746 0.08951406649616374
0 0.5447570332480819 0.35933503836317143 0.06649616368286453 0.0946291560102302
1 0.48337595907928393 0.35933503836317143 0.051150895140664975 0.05370843989769817
1 0.38235294117647056 0.35677749360613814 0.04347826086956523 0.043478260869565306
1 0.3452685421994886 0.34143222506393867 0.0460358056265985 0.053708439897698274
2 0.5933503836317137 0.3401534526854221 0.051150895140664975 0.08184143222506396
