1 0.1381074168797954 0.6675191815856779 0.10741687979539645 0.12276214833759588
1 0.2851662404092072 0.6969309462915603 0.10485933503836317 0.14066496163682862
1 0.8734015345268543 0.6163682864450127 0.12020460358056269 0.14322250639386191
2 0.7838874680306906 0.673913043478261 0.21227621483375955 0.33503836317135566
1 0.5255754475703326 0.4987212276214835 0.07928388746803065 0.08695652173913054
1 0.6278772378516625 0.4872122762148338 0.07928388746803058 0.13554987212276223
1 0.7109974424552431 0.48081841432225075 0.08184143222506393 0.09718670076726348
1 0.7173913043478263 0.4168797953964195 0.05370843989769824 0.07161125319693099
1 0.5856777493606139 0.4271099744245525 0.04603580562659843 0.07161125319693099
1 0.5038363171355499 0.42071611253196933 0.06649616368286444 0.05882352941176471
1 0.3273657289002558 0.47186700767263434 0.06649616368286441 0.07928388746803065
1 0.3682864450127878 0.42455242966751927 0.051150895140664975 0.06138107416879791
1 0.21227621483375964 0.4040920716112532 0.06649616368286444 0.07672634271099746
2 0.31329923273657295 0.3644501278772379 0.07928388746803072 0.12531969309462923
2 0.6368286445012789 0.3861892583120205 0.05626598465473151 0.08695652173913039
1 0.4884910485933504 0.3670076726342712 0.05626598465473158 0.05370843989769824
0 0.46675191815856787 0.32097186700767266 0.058823529411764636 0.0843989769820972
1 0.3772378516624042 0.35038363171355497 0.0485933503836317 0.0511508951406649
1 0.5498721227621485 0.3861892583120205 0.05626598465473144 0.05626598465473144
