1 0.30434782608695654 0.5805626598465474 0.08695652173913043 0.10230179028132995
2 0.7276214833759592 0.6074168797953965 0.20716112531969316 0.25319693094629164
2 0.6048593350383633 0.4271099744245525 0.0843989769820972 0.12787723785166244
1 0.5166240409207162 0.4092071611253198 0.06138107416879798 0.07672634271099746
1 0.3260869565217392 0.3721227621483376 0.04347826086956523 0.0485933503836317
1 0.2736572890025576 0.36828644501278773 0.04603580562659847 0.0460358056265985
1 0.37595907928388755 0.40537084398976986 0.030690537084399026 0.05370843989769817
1 0.38235294117647056 0.3746803069053709 0.04347826086956523 0.038363171355498764
1 0.47186700767263434 0.33120204603580566 0.028132992327365755 0.03324808184143226
1 0.3951406649616369 0.329923273657289 0.023017902813299216 0.040920716112531924
