1 0.20843989769820975 0.6815856777493607 0.1304347826086957 0.16624040920716118
1 0.43989769820971875 0.5754475703324808 0.09207161125319693 0.13299232736572889
1 0.2915601023017903 0.9335038363171357 0.16368286445012792 0.12276214833759581
2 0.23017902813299237 0.4948849104859336 0.11253196930946291 0.16624040920716118
1 0.5115089514066498 0.41176470588235303 0.081841432225064 0.081841432225064
2 0.7442455242966752 0.37595907928388755 0.07672634271099739 0.122762148337596
1 0.6675191815856779 0.4872122762148338 0.0767263427109976 0.11508951406649615
1 0.673913043478261 0.42583120204603586 0.07928388746803065 0.0946291560102302
1 0.6662404092071611 0.35549872122762155 0.0485933503836317 0.040920716112531966
1 0.5345268542199488 0.3375959079283888 0.0460358056265985 0.06138107416879798
2 0.4808184143222507 0.32352941176470595 0.06138107416879791 0.0741687979539642
1 0.3107416879795397 0.3861892583120205 0.0741687979539642 0.06138107416879798
1 0.039641943734015354 0.5537084398976984 0.07928388746803071 0.07416879795396411
2 0.03452685421994885 0.7020460358056267 0.0690537084398977 0.2276214833759591
1 0.37595907928388755 0.3273657289002558 0.04603580562659843 0.056265984654731475
1 0.7864450127877239 0.36572890025575444 0.0485933503836317 0.06138107416879798
1 0.5575447570332481 0.28644501278772383 0.03580562659846556 0.03580562659846549
2 0.43478260869565216 0.29667519181585683 0.0511508951406649 0.08695652173913046
