1 0.3401534526854221 0.725063938618926 0.1381074168797954 0.1815856777493606
1 0.14066496163682868 0.7314578005115091 0.1585677749360614 0.1943734015345268
1 0.7212276214833762 0.6930946291560103 0.17391304347826078 0.2046035805626599
1 0.9360613810741689 0.5575447570332481 0.12276214833759581 0.13299232736572889
2 0.8235294117647061 0.5537084398976982 0.21483375959079282 0.26854219948849106
1 0.6061381074168799 0.493606138107417 0.10741687979539641 0.11253196930946281
1 0.6969309462915603 0.4271099744245525 0.09462915601023013 0.0971867007672634
1 0.6202046035805627 0.34654731457800514 0.06905370843989765 0.07416879795396422
1 0.5460358056265986 0.37340153452685426 0.05882352941176471 0.07672634271099746
1 0.7672634271099745 0.35294117647058826 0.06138107416879791 0.06649616368286441
1 0.7097186700767264 0.34398976982097196 0.06905370843989772 0.08951406649616377
1 0.3682864450127878 0.5012787723785167 0.09718670076726343 0.07672634271099739
1 0.2634271099744246 0.4705882352941177 0.09718670076726343 0.10230179028133002
1 0.1624040920716113 0.4552429667519182 0.09974424552429668 0.10741687979539641
1 0.0895140664961637 0.5524296675191817 0.07672634271099744 0.11764705882352942
1 0.3964194373401535 0.37851662404092073 0.06649616368286444 0.06649616368286444
2 0.33120204603580566 0.30306905370843995 0.10485933503836321 0.11508951406649615
1 0.4066496163682865 0.319693094629156 0.04603580562659843 0.040920716112532
2 0.5421994884910487 0.23657289002557547 0.06138107416879798 0.0895140664961637
1 0.6227621483375959 0.26214833759590794 0.038363171355498764 0.04347826086956523
2 0.659846547314578 0.29667519181585683 0.040920716112531966 0.07672634271099739
2 0.9680306905370845 0.7710997442455245 0.05370843989769824 0.329923273657289
